100
-0.6813277723751769
-0.7683368538290687
-0.01808445878276843
0.05658340818875107
0.500968120650205
-0.5089839999114238
0.9793091774735061
0.18102383386783472
-0.08158144118354649
0.8510574942724896
0.3310146468354964
0.4077847489815456
0.4899319582007311
0.20994289451943993
0.8146444270093538
0.35288862086191286
0.614979490413349
-0.44757037826329893
0.6077402463949628
-0.9821119356106323
-0.5762792380569002
0.9092486964466602
0.38815728766971946
0.6890118162638217
0.3764655591245929
0.2985797515232198
-0.2601296448721435
-0.21451401669407733
0.41419410676902
-0.7633954519933133
-0.8471628549829773
-0.13001847830838908
-0.8236912050009335
-0.5783079772099466
-0.24874332279577605
0.8329679539719186
-0.32125391480670884
-0.7231536691514675
-0.707234624732481
0.1240817818383877
0.2850280601763846
0.1776274628448049
-0.04818629288158194
0.8274446531649382
-0.19521201479779138
-0.6021680296037035
0.933673299337167
-0.6358037225063728
-0.8812432616444803
0.07279944386346893
-0.9387765279842772
0.6543340963467792
-0.14385056406842955
-0.1897114281973895
-0.8651277129736525
0.6812796182387173
-0.6601539533017142
0.9714450460368831
-0.9133310126267515
-0.4235788934965903
-0.7332883606565495
-0.9005391092713897
0.7328680593027355
0.5772080601899503
-0.5951441811760432
-0.5088958530698875
-0.7250918054023636
-0.48879700104383583
0.9665839889403394
-0.5136256517310156
-0.39302729559398775
-0.18017673024790604
-0.7447546399400695
-0.30588080322112976
0.9590013188432536
-0.4406661299637795
-0.31386261923856806
-0.9234755045109468
-0.5627744234347916
-0.6970195627848905
-0.6539227482151619
0.5829679614442485
0.6200041159679908
-0.5830201150350105
-0.11679345412021136
-0.14619381840408052
-0.47506324303486025
-0.20558613058116704
0.708046154686049
-0.5927583883954244
0.9839393359827413
0.8048985935823867
0.23877347284876738
0.6774940480885756
-0.25383514329966816
0.954232840533145
-0.7618545569355151
0.2900810806556062
0.47435903582444006
0.547053849701753
0.16644539670586567
